Diametro Exterior (mm);Espesor (mm);Modulo Resistente (cm3);Momento de Inercia (cm4);Seccion Acero (cm2);Peso (kg/m);Carga Adm. Compresion (Tn)
43;3;3.52;7.58;3.77;3;19.8
48;4;5.62;13.48;5.53;5;29.1
60.3;3.2;7.78;23.46;5.74;5;30.2
60.3;6;12.66;38.16;10.23;8;53.8
73;6;19.56;71.40;12.62;11;66.4
73;6.5;20.75;75.74;13.57;12;71.4
73;7;21.88;79.88;14.51;12;76.3
73;8;23.98;87.54;16.33;13;85.8
73;8.5;24.95;91.08;17.22;14;90.5
73;9;25.87;94.43;18.09;15;95.1
73;10;27.57;100.62;19.78;16;104.0
88.9;3;16.81;74.73;8.09;7;42.5
88.9;6;30.34;134.87;15.62;13;82.1
88.9;6.5;32.31;143.62;16.82;14;88.4
88.9;7;34.20;152.04;18.00;14;94.6
88.9;7.5;36.02;160.12;19.17;16;100.8
88.9;8;37.77;167.88;20.32;16;106.8
88.9;8.5;39.44;175.33;21.46;17;112.8
88.9;9;41.05;182.47;22.58;19;118.7
88.9;9.5;42.59;189.32;23.69;19;124.5
88.9;10;44.07;195.88;24.77;20;130.2
88.9;12;49.36;219.41;28.98;23;152.3
101.6;6;40.66;206.57;18.01;15;94.7
101.6;7;46.04;233.87;20.79;17;109.3
101.6;7.5;48.59;246.84;22.16;18;116.5
101.6;8;51.06;259.37;23.51;19;123.6
101.6;9;55.74;283.14;26.17;21;137.6
101.6;10;60.09;305.26;28.76;23;151.2
101.6;12.5;69.66;353.87;34.97;28;183.8
114.3;7;59.64;340.86;23.58;19;124.0
114.3;8;66.37;379.30;26.70;21;140.4
114.3;9;72.70;415.46;29.76;24;156.4
114.3;10;78.64;449.43;32.75;26;172.2
127;8;83.71;531.53;29.89;25;157.1
127;9;91.93;583.78;33.35;28;175.3
127;10;99.72;633.23;36.74;29;193.1
127;12;114.04;724.13;43.33;35;227.8